15931
8782
16940
14614
0
4829
12415
13259
11441
8199
0
2540
2500
6341
2235
1858
4157
5053
6611
1050
4401
6187
1078
3297
0
25264
23014
15952
0
10156
4544
4930
11786
15822
0
1264
6399
2031
6892
3115
5151
5093
6724
7001
4011
1458
1945
0
2106
2016
1528
2524
6089
4466
3154
2686
3289
5831
1520
2122
5744
0
33066
22616
0
1993
8485
1037
9730
2076
7492
10000
2971
0
11027
9137
4599
7461
1531
12939
0
17530
18837
19466
4845
0
1467
4870
10176
6657
5608
2096
9977
6478
0
18828
26577
0
17901
5059
13789
4993
0
6676
3415
2464
5937
4275
6629
7566
1943
6313
4572
0
9121
10713
5071
1669
7736
10522
6231
0
6400
1771
4568
7681
7486
6090
2223
5581
6705
5719
7519
0
6595
3849
6564
1622
2268
6424
5295
3627
2088
7357
6565
1878
0
20744
25902
15310
0
11785
2309
7863
15771
4541
0
9217
14774
10316
1035
0
5026
5406
2517
5628
4392
5195
5548
4046
2982
4444
4603
4139
5917
4623
5650
0
1304
7839
7143
1520
3668
6533
4406
7153
4585
5586
7202
0
10209
5965
0
5676
8694
8691
5790
5498
2189
5651
7073
5270
3057
0
2391
8708
8619
4297
4738
10270
3906
0
3023
4720
1548
2991
3111
7063
2012
3763
2035
1784
5001
1680
0
7538
7930
9906
8140
13556
4543
0
15678
13201
14557
2543
7345
0
30741
29356
0
8506
2596
1936
5285
11960
10241
0
4985
2868
10320
8332
1677
2481
2177
7646
0
6131
10046
10184
4015
4132
6841
4179
6723
0
11545
8164
17009
6257
0
5301
2162
4275
5983
2671
5587
1250
3145
1364
1145
5876
5648
1517
4821
5700
0
16437
14836
4812
3411
8245
0
7546
4484
3121
6861
6332
1407
4020
5444
7421
3100
3955
0
16399
0
6052
5898
4698
4965
3117
1798
4646
5183
5615
1508
1065
4239
5268
5753
3913
0
8019
4512
19441
0
11542
37427
0
2233
1709
1969
5307
4878
2657
6902
6803
2376
4771
4720
4788
3331
0
58268
0
15355
3160
15157
2642
0
5958
8776
5573
1966
6919
2661
1810
7727
3528
3520
0
3786
5268
7101
7405
4907
2235
4133
4449
4107
7039
0
1192
0
15060
9010
17932
0
3037
6302
1310
3578
3499
4572
2899
6801
7015
8003
1645
0
2609
8239
11678
4553
3746
7926
4316
0
7989
3443
5709
2736
1066
5070
5401
4781
8140
5206
0
6619
4757
5744
5749
4729
4403
1124
3927
1505
6378
7011
7042
0
10734
8546
11816
3041
8038
1514
8005
0
2358
4435
15419
9841
1425
0
1575
10261
4196
0
13692
3944
5136
14997
0
2395
2053
3511
5846
3289
2223
6256
1725
8118
1615
0
5239
14775
4030
0
10610
19176
0
5746
4448
6311
7034
1101
3327
2740
2102
2826
6415
2725
6958
0
11322
3127
9187
10407
12052
9870
10917
0
7802
15736
12384
12976
9523
0
4431
5918
7903
6003
5690
7135
6625
3042
3791
4604
4472
0
5938
1763
1053
1054
6116
1785
6375
3025
3233
7402
3616
4328
0
8730
1695
7271
12172
0
1549
1093
8703
4985
4782
3867
3377
5399
2160
0
3877
9623
16382
7247
0
6002
5321
2250
1800
1861
1295
5078
4417
5520
3786
3256
3833
6064
1192
0
5113
7824
1006
8708
2630
8752
7077
0
4902
3429
2356
5491
2655
3510
1323
3556
2666
5398
3297
5691
5189
6097
3642
0
6558
5566
6259
2433
5153
4382
2403
2022
4473
6768
6971
0
10026
13871
13729
5818
9155
10414
0
10107
1720
9245
2438
5150
2275
7178
5384
0
3092
4749
3262
2065
5267
5886
4299
5495
2835
3656
3673
5304
3762
1007
1018
0
28554
21993
0
2805
1096
2793
8293
3124
1876
7970
2845
0
6531
4430
1311
2156
7435
3390
4009
4575
4333
2742
6973
4136
0
2392
4116
4306
2518
4393
1104
2972
2281
5399
4100
2883
7281
0
2391
6469
3870
7305
4913
7618
6042
7663
5674
5749
6631
0
3428
12053
7299
4773
10473
8874
2151
0
3248
1165
2435
4215
4789
2067
4858
4051
1963
6408
2912
4624
1268
0
4409
0
13565
0
7738
5672
4046
7972
3639
4021
8963
2633
7339
0
9829
15037
13499
4234
0
6455
7168
5332
6783
16123
0
6047
4912
11390
9771
0
9789
5224
1315
3203
8979
5935
9119
8165
0
35275
0
4518
6479
12034
1535
11757
1587
0
4610
1626
2456
1352
5620
5503
6280
3946
4973
4822
5997
3462
4956
4251
0
2800
1862
1109
4088
1956
3073
5845
5377
5507
4893
4028
2680
1625
5827
0
16667
25591
0
6522
8676
8184
5751
9105
3063
1674
10344
0
5539
1142
5816
1168
5969
1389
2075
7074
3101
7431
2743
5736
0
2030
3296
4251
2939
1612
2397
6043
3978
2302
4059
3466
5130
4417
3434
5507
0
6623
1216
6469
3269
5336
3321
2133
4883
3175
5315
3771
4732
4096
0
7446
4631
9206
1435
8494
3378
4408
1267
0
1031
5587
7270
7454
1386
4005
7112
5510
6167
6258
6177
2584
0
9163
6488
8195
7072
2543
7303
3772
3218
6430
0
1846
1426
6176
2386
7884
3130
2066
1363
2676
4032
5883
0
6238
4357
6244
5001
6205
2031
4763
4717
3449
5988
2594
6508
6129
3292
0
5276
4818
3936
3716
6800
9499
6284
9610
0
17850
15611
1168
10641
0
3648
5602
3507
4240
1019
9291
4877
1210
1926
0
3812
9890
7661
13651
1409
10386
0
5305
6002
5503
1214
3192
2611
3303
3203
1917
2840
5494
1825
1135
2000
2666
0
1790
7427
4094
5114
4197
4891
3757
1257
1111
7603
0
6791
21115
0
6530
4247
12222
12781
0
8490
18751
0
3652
3504
3702
4855
1212
6255
1856
5854
7241
3881
7206
1378
0
4129
13281
0
8377
9763
7679
4214
4630
8473
8473
0
8725
6220
2198
0
7744
1879
11034
7657
9804
8737
11941
0
6000
11448
7628
1637
13733
12875
0
4185
14872
3858
3304
3888
0
3551
7065
2559
5068
1668
3129
5361
3866
3214
3785
5725
5409
0
2699
3046
2856
1163
4577
4562
1137
5976
4888
3274
3444
5393
1179
5842
4118
0
8999
9195
5866
4732
7260
8053
1744
2243
0
59751
0
2972
3341
6585
3761
5052
6547
3857
1717
6438
3061
4074
3960
2893
0
5365
17400
16638
2645
0
2858
5485
3270
1470
5477
6900
2096
4839
2745
1962
4589
5332
2532
0
6461
2328
4672
9236
2756
8089
5530
3597
3743
0
1256
18350
0
17958
10353
17514
8089
0
6730
5610
2916
2385
1329
6266
3138
1573
2726
5822
4665
4192
0
2509
13659
2992
3163
4710
13667
0
8718
8001
8395
6518
8604
5904
2956
5830
6497
6337
0
12989
0
36036
6483
0
17287
0
7230
11174
10488
9330
7884
1885
0
6206
6035
2633
8982
7805
9517
2961
2391
6385
0
42975
0
6497
13039
8944
10022
7280
10565
0
4189
5311
2161
6026
2672
1512
3381
2672
4408
2104
1844
4902
1184
5076
0
1915
2558
9039
5235
2360
4491
7424
8471
1421
0
5978
7846
9024
11363
3658
12312
0
6387
6701
6008
4706
12257
0
1756
9535
2131
9046
0
1929
4597
6341
6420
3274
1631
6382
5208
7825
1431
2402
0
5458
6924
2874
6041
2703
5111
4308
6932
5970
1813
4833
5304
0
7181
3390
3305
3785
4706
3308
6495
6222
7615
6231
0
1562
5987
5691
3910
2199
6038
4109
4856
6115
2915
1328
1627
4305
4279
1522
0
2469
2418
7364
6865
5711
3849
2045
3217
6821
2522
7100
0
7037
4718
2447
2830
5767
4812
7475
6267
7119
6095
3717
7429
0
11546
24555
0
6544
4806
7414
7130
5773
2574
7393
7058
3709
8329
0
5328
2752
2637
3992
4958
3984
3276
5768
5776
6417
4245
5962
6451
0
5131
9613
4627
8112
3703
4765
3983
0
5749
1308
6403
1154
2719
4229
1695
1883
4188
1930
6479
1643
4145
6469
0
1712
2651
6120
4479
1431
3414
1420
2645
3141
2134
3833
2917
5987
4440
0
14665
11731
4462
0
4443
4767
3167
2889
2494
1054
4301
5118
1606
3306
2464
4929
5815
5980
6051
0
2235
1326
1962
5198
6824
5968
6107
6362
6911
2249
5138
5072
6093
0
9073
18319
6656
19469
0
5004
7250
2725
3886
2064
2747
3683
6068
7107
2494
3164
5258
0
8240
5565
9900
9253
9780
8609
3622
5557
0
8430
8189
13988
3664
2842
0
9819
10269
7996
3874
1237
5402
2560
2218
0
5550
6123
4183
4115
1203
3360
1725
5902
2038
4024
3108
3652
3142
5830
0
10005
13753
15209
14921
4880
0
17368
1888
3327
0
1793
6804
4538
3085
1493
1086
1296
2894
5610
6306
4623
5761
4983
0
6374
3487
8405
7486
6123
2925
1779
1271
0
8150
3307
24346
0
8897
6651
10425
3195
9473
10734
4895
4251
0
11166
37176
0
29815
13284
0
4764
9530
19531
1524
0
11360
9121
4467
9222
8073
11766
4041
0
28221
36720
0
7336
5380
4774
6491
3241
3424
5956
2980
1309
6101
3746
3164
0
1685
7573
8509
7495
3145
7413
5480
0
2553
2369
4087
0
22541
0
18520
17646
2214
10201
0
14938
10062
21551
0
4553
8399
9026
10486
9448
12135
7814
0
3890
4593
7584
8915
3988
3565
8788
5293
3904
0
4965
2021
7167
10546
7628
5390
6927
10315
0
4100
6239
4096
4868
3045
4478
4822
4746
2953
2216
5223
2216
6248
2935
0
5992
7316
9399
0
14567
8081
9942
2254
8319
0
21916
35451
0
2934
6437
2518
6721
6958
7525
6017
4205
1579
1079
7375
0
6898
1432
4281
2130
4606
3784
5126
6926
3417
6179
2382
3285
1468
0
10483
4925
12330
2723
10685
0
10815
4848
0
1083
5124
1166
7641
8367
6187
3662
7465
8605
8117
0
19058
7396
0
5620
3362
6765
8339
5972
3422
1715
6641
4117
3269
0
20112
12403
17778
0
1652
6828
6867
5817
3292
2978
2569
2737
6586
3208
1328
2552
2938
0
38204
0
32440
13784
0
1367
7878
8547
5957
4673
4680
5917
1743
4883
0
2935
1864
2652
5241
2535
5303
2634
1511
4434
2411
4735
4892
4767
5571
5972
0
41656
0
4654
2609
5504
4437
2350
2897
2287
1052
6391
4299
4435
1061
3913
4269
0
13465
17336
4598
0
3442
2608
6953
6680
6806
2719
2738
6485
3670
6515
6211
0
8566
2737
12087
0
5540
6843
5021
7902
5829
1017
7270
4981
7634
4859
6316
0
3002
5108
1291
2928
7863
5200
1943
2076
2775
0
4434
7250
1377
5189
3158
3246
8714
9673
0
6330
11340
1411
14843
0
2745
3342
4958
2728
3845
6308
7138
6353
5265
3977
1446
4353
0
8334
7623
6531
10529
7419
0
3917
13563
8015
12802
1540
2008
0
1590
8424
0
1942
1828
5975
4489
4001
3199
2529
2109
4482
3607
5473
3249
4378
6493
0
3977
3184
6189
11999
13925
0
12065
6843
11238
16132
5347
0
4144
2827
5520
5141
5614
2529
4815
1054
6349
2184
3531
1591
0
10122
7709
6700
8312
8507
1890
4039
0
7177
3123
1449
8582
6580
9663
11280
0
8751
2358
18224
0
6872
4272
3138
8066
1413
5715
3053
1658
5595
5721
0
8921
7914
10497
3413
5289
2755
7726
7237
0
3304
2565
3505
4395
1937
5620
5992
5531
5294
5384
2487
3102
1839
2654
1369
0
13063
9483
3511
5543
13544
0
4367
3869
5907
4606
2922
4117
4716
4564
5228
5736
2237
5925
1736
3157
0
6877
1953
1103
10584
11666
2042
0
6997
0
5789
3955
1598
6997
6868
5148
8076
3007
0
7440
3774
4595
6827
6415
5796
8252
5947
3757
0
2786
1528
1920
5923
1861
4262
2462
5137
4527
3451
1820
4515
3091
4370
0
5231
5724
8463
5867
7776
1405
4873
0
5570
13574
9971
12111
0
38253
0
68706
0
3270
8365
4604
1469
4885
11781
4510
0
3705
1806
5869
3487
1970
4648
2254
1714
4678
4610
1851
4992
4037
1438
3186
0
7501
2667
6548
10978
1759
5718
7887
0
15685
17651
15879
16407
0
2727
7036
2483
6244
8733
6191
6852
7568
6863
1571
0
4016
1348
4466
4713
1777
2707
3959
3141
1027
2876
5167
1349
1531
4604
1631
0
1492
1616
2617
4184
2209
2463
3843
3106
3969
5790
5086
2469
5461
2426
2936
0
7818
2394
6102
3210
7205
2378
4621
6839
4375
0
4882
2275
2673
3927
1801
1181
4223
2134
1414
3513
1930
4218
1030
5153
5631
0
7855
8703
8604
3507
8327
2473
6072
2616
8550
0
7761
22778
22679
0
21461
18458
0
5893
11132
10226
13071
4987
7773
0
8890
9352
8432
7618
3971
9680
2787
9849
0
9239
10126
5646
10227
2786
8177
2412
7063
0
13769
0
2805
4241
5027
7401
3809
6649
4261
5625
5349
6866
2935
2487
0
15077
16612
11447
13677
0
1812
17170
24913
0
7213
5812
5693
5653
11687
7312
4465
0
6447
14207
18951
0
38602
0
34832
0
5562
1835
2126
1130
2669
3051
3105
4356
4789
3909
5162
5597
2452
4462
2074
0
5046
2712
2027
6702
4395
4134
7460
2079
5308
3774
5925
1420
0
5103
2566
5237
2763
3102
2628
3626
4125
3675
5186
5116
5401
1592
2347
3946
0
9256
2589
6950
8214
2216
9494
7900
4317
2246
0
37600
0
11146
9884
13530
0
1518
3963
4415
5577
4663
1243
7552
3866
6343
6301
1019
0
2667
7079
2560
6437
7190
5421
5409
1951
2801
6925
3310
0
13352
9266
5773
7103
13283
3512
0
2329
4814
4002
5247
4074
5463
5404
3785
1671
2970
3619
5702
4895
3947
1567
0
